pid=0
cls=4
11952504
1
1
1
stp=1
sqm=3
5
-ACGT
4
-ACT
3
-AT
wve=2
prt=4
0
1
1
19
19
0
1
2
5
6
7
10
11
12
20
21
22
25
30
40
41
42
45
50
2
7
10
11
12
22
27
30
31
32
40
41
42
45
46
47
50
51
52
2
2
1
19
19
2
3
4
7
8
9
12
13
14
22
23
24
27
32
42
43
44
47
52
4
9
12
13
14
24
29
32
33
34
42
43
44
47
48
49
52
53
54
10
2
1
14
14
10
11
12
15
16
17
30
31
32
35
50
51
52
55
12
15
16
17
32
35
36
37
50
51
52
55
56
57
12
2
1
14
14
12
13
14
17
18
19
32
33
34
37
52
53
54
57
14
17
18
19
34
37
38
39
52
53
54
57
58
59
dpc=16
27
11952616
0
2
0
31
11952464
11952464
3
0
32
113
11952464
2
0
32
11952464
11952464
3
0
47
11952464
0
2
0
51
11952464
152823360
3
0
52
521
152823360
2
0
52
152823360
11952464
3
0
32
481
152823360
1
0
33
152823360
11952464
1
0
34
441
152823360
1
0
52
152823360
11952464
1
0
53
401
152823360
1
0
54
152823360
11952464
1
0
37
361
152823360
1
0
57
152823360
11952464
1
0
