pid=1
cmp=2
stp=1
sqm=3
5
4
3
prt=2
ppc=1
pdm=3
3
-
A
C
3
-
A
C
3
-
A
T
pel=27
-6
0
-12
0
-18
0
-12
0
-24
0
-36
0
-18
0
-36
0
-54
0
-12
0
-24
0
-36
0
-24
0
3
1
0
-9
1
13
-36
0
-9
1
13
0
1
13
-18
0
-36
0
-54
0
-36
0
-9
1
13
-5
1
13
-54
0
-5
1
13
2
1
13
0
1
2
5
6
7
10
11
12
20
21
22
25
26
27
30
31
32
40
41
42
45
46
47
50
51
52
ppc=1
pdm=3
3
C
G
T
2
C
T
3
-
A
T
pel=18
-54
0
-72
0
-90
0
-72
0
-96
0
-120
0
0
0
-12
0
-24
0
-12
0
-8
1
6
-15
1
7
2
0
-8
0
-15
0
-3
0
-1
1
6
-3
1
7
12
13
14
17
18
19
32
33
34
37
38
39
52
53
54
57
58
59
icn=8
161826648
37
-12
3
1
32
0
2
0
33
-12
2
0
57
-3
3
0
34
-24
2
0
52
2
2
0
53
-8
2
0
54
-15
2
